70 11111 1111111

cn. 9914.

111111119499. 1. 911. 4991.
9111. 114. D· 111. 713. c.
1419. Τ. 11. 441.

15. Sine 11141191799111. 491.

Ib. Implere 11111111 justitiam. 11. 440. 1.

lb. Sic enim convenit nobis implere
111141 justitiam. 11. 491. 1. 401
1. 911. 101. 1. 1991 1. 910. 9111.
111.1.11.411.1.

17. 1111 est filius meus dilectus. 111. 191.
1. 19. 9911. V. 1991. 91979.
1. 911. 1991. 1991.

4. 9111111141 Τ. 911. 199-109.

4. 1111 enim in solo pane vivit 111111. ’

1. 909. 1. 11. 990. 1. 111. 1191.
1911. 1. 119. 1. 9. 9191. 911.
9091.
,99191111 Dei es,mitte 1111111111.
11. 799. 1. 1111. 949.
17. Cepit praedioere , 11911111, 91111-
ωωῴω9ωιη
177. 1.
19. 9111111111,111111111 11ρί11111-
1111111111111111. 479. 1. 4991.
919. c. 9491. 111. 1091. 491.
1. 911. 1. 911. 719. 1. 9111. 119.
’ 1. 191. 499.
1911. 911111 post 111.... illi 1111 11 patre
1111111111 relictis, 1111 sequuti
11119. 1991.
tt. 1111111111. vn. itt-27⁶.
3. Beati 11111111 spiritu. 1. 991. 1. 111.
19. 1. 197. 1. 999. 1. 911. 991.
1. lx. 979. 1. 791. 1. 111. 4. 1.Ι
91. c. 999. 1. 1111. 191. 1. 171. 1.
99919911
997. 91111. 4191.
&mmmm
staffinAma.
311. Τ. 1. 1191.
4. Beati mites. 1. 191. 1. 111. 119. 1.
x. 911. 1.
59ΜΜΨΜΜ9Μ1
791. 1. 799. 1. 111. 9991. 9.
94. 1. 9991. 9191911. 119. 1.
9091. tx. 119. 1. x. 941. 1. 111.
9491. 491. 1.
6. 91111 illi, qui 11111111 11 sitiunt ju-
11111111. 111.190.1. 999. 1.19.
19. 1199· 1. 9. 997. 1. 91.

1240. 1. 471. 1. 9111. 9491. 111.
99. 1.

111. vm.
5. 14. 9319111111 11 baptimi, 11 tu venis 9.

791111111119111911. 111. 999. 1. 911.
199. lx. 1191. 111. 9991.

8. Beati 1111111 1114111. 991 1. 111.
994.1. 19. 434. 973. 911. 991.
119111. 99114999. xi. 919.
791. 1. 1111. 190. 1.

90191. 111119. 1.

9. 91111 pacifici. 11. 449. 499. 1. 111.
394. Xss· 999. c. 4994. 1.

10. 91111 qui persequtionm patiun-
tur propter justitiam. 11. 449. 1.
4991497. 1.111.994.1.111.4.1.

malunt

tt. Gaudete, 1111 dixerint 11111 mlum
verbum adversum voe mentien-
ta. 117491.

1111. Τ.1. 479. 1. 11. 19.1. 110. 1. 111.
90. 1. 4091. 994. 1. 707. 19111.
9191. tx. 991. 1. x. 019. 1.
1111. 440. 1.

11. Gaudete 11 exsultate... quoniam
1111111 vestm multa 111 in 11111
111. 4911. 919. tx. 991. 1. 1111.
999. 1.

19. 111 enim 1151111111 adversus pm·
phetas, qui fuerunt 1111 111 xt.
199. c.

13. si 11111111111111 fueritin quo sa·
11111111191. 1.

14. 91111111 iux mundi. 91. 919. 1.

,111. 991. 1.

19111111 lucernam 1111114111, 11 ponit
11111111 modio. 911. 914. 1.

16. 1111111 lux vestra 111111 hominibus.
1. 997. 1. 999. 11. 11. 111.(1. 111.
97. 11. 71. 1. 99. 1. 94. ι. 419.
1.19.17.1. 91.197.1. 799. 9.
177. 944. 1. 999. 1. 499. 1. 979.
1. 991. 1. 999. 91. 170. 1. 911.
199. c. 949. 1. 9111. 99.ο.1Χ.
391. 9. 994.(1. 747. 9. 799. 1.
Χ. 991. 191. 1111. 09111.

17. Nolite putam quoniam veni 1111111
legem, aut prophetas. 1. 991. 1.
199. 9. 919. 19111. 994. 1.
441. 1.

19. 111111111111111111191971. ι.

19. Qui suerit et docuerit, hic magnus
vocabitur in regno 1111111111.
171. 1. 9091. 11. 971. 1. 111.
19. 1. 19. 79. 1. 119. 1.9. 190.
9111. 479. 1994911.

lb. Si quis solverit unum ex mandatis

 

